plot.design <- structure(list(plotNumbers = structure(list(monocultures = structure(list(
    block.W = c(107L, 140L, 80L, 52L, 51L, 175L, 68L, 27L, 204L, 
    197L, 40L, 155L, 170L, 54L, 48L, 149L, 142L, 119L, 1L, 38L, 
    3L, 59L, 73L, 125L, 122L, 103L, 32L, 97L, 20L, 130L, 76L, 
    202L, 207L, 164L, 5L, 126L, 30L, 212L, 84L, 186L, 91L, 123L, 
    183L, 200L, 129L, 166L, 208L, 169L, 141L, 53L, 115L, 100L, 
    109L, 29L, 193L, 114L, 19L, 12L, 189L, 21L, 158L, 93L, 83L, 
    17L, 86L, 25L, 121L, 156L, 7L, 75L, 33L, 145L, 173L, 81L, 
    168L, 143L, 77L, 108L, 101L, 203L, 66L, 106L, 178L, 206L, 
    127L, 176L, 191L, 8L, 39L, 136L, 133L, 187L, 146L, 134L, 
    153L, 89L, 18L, 46L, 71L, 65L, 16L, 56L, 131L, 180L, 214L, 
    63L, 34L, 4L, 209L, 165L, 132L, 72L, 167L, 111L, 213L, 177L, 
    41L, 137L, 6L, 190L, 117L, 198L, 157L, 210L, 43L, 144L, 69L
    ), block.E = c(385L, 283L, 334L, 361L, 298L, 342L, 272L, 
    435L, 232L, 322L, 218L, 314L, 294L, 423L, 362L, 401L, 388L, 
    242L, 359L, 434L, 437L, 421L, 303L, 280L, 338L, 370L, 347L, 
    308L, 419L, 325L, 307L, 247L, 340L, 324L, 236L, 262L, 235L, 
    353L, 336L, 345L, 394L, 297L, 436L, 239L, 274L, 420L, 250L, 
    285L, 391L, 382L, 410L, 276L, 329L, 384L, 415L, 258L, 225L, 
    428L, 366L, 237L, 407L, 360L, 417L, 263L, 367L, 378L, 317L, 
    328L, 227L, 339L, 311L, 351L, 261L, 248L, 260L, 358L, 431L, 
    425L, 310L, 233L, 306L, 416L, 408L, 254L, 341L, 326L, 289L, 
    411L, 228L, 413L, 422L, 267L, 290L, 427L, 244L, 256L, 245L, 
    390L, 279L, 430L, 282L, 332L, 386L, 304L, 344L, 433L, 363L, 
    251L, 357L, 399L, 269L, 275L, 299L, 231L, 257L, 264L, 350L, 
    352L, 221L, 313L, 372L, 330L, 249L, 241L, 302L, 229L, 400L
    )), .Names = c("block.W", "block.E")), plugs = structure(list(
    A = c(35L, 36L, 60L, 15L, 105L, 67L, 61L, 47L, 42L, 124L, 
    24L, 88L), B = c(2L, 120L, 128L, 82L, 94L, 96L, 78L, 22L, 
    79L, 92L, 135L, 95L), C = c(188L, 152L, 172L, 174L, 199L, 
    211L, 205L, 160L, 148L, 159L, 181L, 163L), D = c(284L, 234L, 
    278L, 273L, 219L, 281L, 240L, 266L, 230L, 271L, 223L, 288L
    ), E = c(320L, 321L, 300L, 318L, 309L, 346L, 291L, 333L, 
    319L, 323L, 296L, 356L), F = c(429L, 379L, 424L, 392L, 397L, 
    369L, 412L, 414L, 396L, 368L, 380L, 381L)), .Names = c("A", 
"B", "C", "D", "E", "F")), seeds = structure(list(A = c(49L, 
31L, 64L, 90L, 26L, 45L, 50L, 14L, 10L, 23L, 70L, 28L), B = c(102L, 
116L, 74L, 112L, 37L, 99L, 104L, 110L, 55L, 98L, 85L, 138L), 
    C = c(215L, 147L, 150L, 195L, 154L, 192L, 196L, 151L, 201L, 
    182L, 185L, 171L), D = c(277L, 224L, 270L, 253L, 226L, 238L, 
    268L, 222L, 286L, 287L, 259L, 246L), E = c(295L, 355L, 305L, 
    312L, 315L, 331L, 337L, 354L, 335L, 293L, 292L, 316L), F = c(387L, 
    376L, 402L, 364L, 426L, 398L, 418L, 389L, 383L, 395L, 365L, 
    374L)), .Names = c("A", "B", "C", "D", "E", "F")), null = structure(list(
    A = c(62L, 44L), B = c(118L, 58L), C = c(194L, 184L), D = c(265L, 
    243L), E = c(301L, 327L), F = c(375L, 403L)), .Names = c("A", 
"B", "C", "D", "E", "F"))), .Names = c("monocultures", "plugs", 
"seeds", "null")), plotVector = structure(c("BAPALB", "ML.7316_plugs_rep1", 
"BLECIL", "SOLSPE", "CEAAME", "TRAOHI", "LIAPYC", "PYCVIR", "", 
"LL.653844_seeds_rep1", "", "HELHEL", "", "HL.246518_seeds_rep1", 
"HH.1374866_plugs_rep1", "SILINT", "JUNINT", "RUEHUM", "HELSTR", 
"CXBLAN", "HIEODO", "MH.1825752_plugs_rep1", "ML.1623993_seeds_rep1", 
"LH.1211957_plugs_rep1", "KOEMAC", "ML.520465_seeds_rep1", "ANECAN", 
"LH.1211957_seeds_rep1", "HELMOL", "CORPAL", "HH.1374866_seeds_rep1", 
"CXANNE", "LIASPI", "OLIRIG", "MH.928535_plugs_rep1", "HH.782981_plugs_rep1", 
"LL.1368877_seeds_rep1", "BAPBRA", "RATPIN", "ANTNEG", "TEUCAN", 
"ML.520465_plugs_rep1", "VIOPDF", "null.plug", "MH.928535_seeds_rep1", 
"SCHSCO", "MH.831258_plugs_rep1", "ASCSYR", "MH.831258_seeds_rep1", 
"HL.456657_seeds_rep1", "ALLCER", "ALLCAN", "EUPCOR", "ASCSUL", 
"LH.389271_seeds_rep1", "SILLAC", "", "null.plug", "BOUCUR", 
"HL.456657_plugs_rep1", "HL.246518_plugs_rep1", "null.seed", 
"SOLNEM", "HH.782981_seeds_rep1", "SENMAR", "PHLPIL", "LH.1417663_plugs_rep1", 
"ANDGER", "ZIZAUR", "LH.1417663_seeds_rep1", "SENHEB", "SYMERI", 
"BRIEUP", "LL.305726_seeds_rep1", "LIASCN", "CXGRAV", "PANVIR", 
"LH.389271_plugs_rep1", "HH.1018148_plugs_rep1", "AGASCR", "MONBRA", 
"LL.305726_plugs_rep1", "JUNDUD", "DALPUR", "HH.1124950_seeds_rep1", 
"JUNTEN", "", "LL.1091767_plugs_rep1", "RUDTRI", "LL.1091767_seeds_rep1", 
"DESCAN", "LH.1773854_plugs_rep1", "HYPPYR", "MH.1666090_plugs_rep1", 
"HH.1124950_plugs_rep1", "ML.975885_plugs_rep1", "CXBICK", "MH.1825752_seeds_rep1", 
"LH.1773854_seeds_rep1", "GENAND", "PENDIG", "HL.1403369_seeds_rep1", 
"CAMROT", "ML.975885_seeds_rep1", "ML.1623993_plugs_rep1", "PHYVIR", 
"AGATEN", "PARINT", "HELAUT", "HH.1018148_seeds_rep1", "SYMNOV", 
"HL.1338677_seeds_rep1", "", "HELPAU", "EUTGRA", "ML.7316_seeds_rep1", 
"VERGIG", "null.seed", "ASTCAN", "HL.1338677_plugs_rep1", "LESCAP", 
"CAMSCI", "DESILL", "LL.653844_plugs_rep1", "BROKAL", "CHAFAS", 
"POTARU", "LL.1368877_plugs_rep1", "ECHPUR", "CXBREV", "SILTER", 
"SPOHET", "ROSCAR", "RUDHIR", "HL.1403369_plugs_rep1", "ROSBLA", 
"THADAS", "MH.1666090_seeds_rep1", "", "AGANEP", "EUPALT", "ASCVER", 
"OENPIL", "ZIZAPT", "LILMIC", "RUDFUL", "LH.236970_seeds_rep1", 
"ML.585975_plugs_rep1", "ASCTUB", "HL.1817876_seeds_rep1", "HH.623705_seeds_rep1", 
"LH.1681808_plugs_rep1", "RUDSUB", "HL.275733_seeds_rep1", "ARNPLA", 
"LIAASP", "VERMIS", "HYPPUN", "LL.567931_plugs_rep1", "MH.1987913_plugs_rep1", 
"", "", "HH.1709432_plugs_rep1", "CASCOC", "SPIALB", "ELYCAN", 
"SYMLAE", "MONFIS", "ERYYUC", "ASCHIR", "LL.660073_seeds_rep1", 
"MH.75072_plugs_rep1", "MAIRAC", "HH.623705_plugs_rep1", "AMOCAN", 
"PYCPIL", "SYMSER", "POLREP", "", "SISANG", "LH.236970_plugs_rep1", 
"LH.1681808_seeds_rep1", "DODMEA", "null.plug", "ML.628076_seeds_rep1", 
"DSMILL", "ROSSET", "HL.1817876_plugs_rep1", "HEURIC", "VERSTR", 
"PYCTEN", "MH.1987913_seeds_rep1", "HELOCC", "null.seed", "HH.1709432_seeds_rep1", 
"MH.75072_seeds_rep1", "ANEVIR", "VERFAS", "ML.628076_plugs_rep1", 
"ECHPAL", "ML.585975_seeds_rep1", "CXMOLE", "PENHIR", "ANECYL", 
"LL.660073_plugs_rep1", "POLBIC", "CXNORM", "ERASPE", "SORNUT", 
"VERVIR", "HL.275733_plugs_rep1", "DALCAN", "SYMOOL", "SOLJUN", 
"LL.567931_seeds_rep1", "", "", "ANTNEG", "HL.1403369_plugs_rep2", 
"", "TRAOHI", "HH.1018148_seeds_rep2", "LH.1211957_plugs_rep2", 
"LH.1211957_seeds_rep2", "HELSTR", "HL.275733_seeds_rep2", "LIAPYC", 
"RATPIN", "ZIZAPT", "ML.585975_plugs_rep2", "SYMNOV", "ANECYL", 
"PENHIR", "LH.1773854_plugs_rep2", "CORPAL", "CEAAME", "HIEODO", 
"LH.1773854_seeds_rep2", "ECHPAL", "LL.1368877_plugs_rep2", "VERVIR", 
"ASTCAN", "null.plug", "RUDSUB", "RUEHUM", "MH.1666090_seeds_rep2", 
"CXMOLE", "MONBRA", "VERMIS", "ERASPE", "SOLSPE", "", "HH.1709432_seeds_rep2", 
"POLBIC", "", "RUDTRI", "SYMOOL", "HELPAU", "LL.1368877_seeds_rep2", 
"MONFIS", "MAIRAC", "CHAFAS", "JUNINT", "SYMSER", "null.seed", 
"MH.1825752_plugs_rep2", "ROSSET", "MH.1825752_seeds_rep2", "SPOHET", 
"HL.1403369_seeds_rep2", "LL.653844_plugs_rep2", "ANDGER", "ML.1623993_plugs_rep2", 
"ECHPUR", "SYMERI", "GENAND", "LL.653844_seeds_rep2", "MH.1666090_plugs_rep2", 
"SENHEB", "BROKAL", "HH.1018148_plugs_rep2", "SILINT", "AGANEP", 
"HH.1709432_plugs_rep2", "ERYYUC", "ML.1623993_seeds_rep2", "ML.585975_seeds_rep2", 
"HL.275733_plugs_rep2", "PYCTEN", "RUDFUL", "LL.567931_plugs_rep2", 
"HL.1338677_seeds_rep2", "HL.246518_seeds_rep2", "ASCHIR", "ML.628076_seeds_rep2", 
"LL.660073_plugs_rep2", "DESILL", "ALLCER", "SYMLAE", "MH.75072_plugs_rep2", 
"null.seed", "VIOPDF", "BRIEUP", "SISANG", "LH.389271_seeds_rep2", 
"PHLPIL", "CXGRAV", "CXBICK", "ML.975885_plugs_rep2", "PENDIG", 
"LIASPI", "HH.1124950_seeds_rep2", "VERSTR", "ARNPLA", "ML.975885_seeds_rep2", 
"LH.1681808_seeds_rep2", "LESCAP", "HL.1338677_plugs_rep2", "MH.928535_plugs_rep2", 
"ML.628076_plugs_rep2", "LH.389271_plugs_rep2", "ANEVIR", "HH.623705_plugs_rep2", 
